0 0.2546875 0.64921875 0.36328125 0.37890625
0 0.5875 0.753125 0.32421875 0.434375
0 0.76171875 0.84609375 0.2265625 0.3078125
0 0.0296875 0.57734375 0.059375 0.2671875
0 0.14609375 0.46015625 0.24375 0.2375
0 0.4359375 0.48125 0.28359375 0.2375
0 0.74375 0.51953125 0.23359375 0.2640625
0 0.92578125 0.45703125 0.1328125 0.25859375
0 0.846875 0.36484375 0.08203125 0.13203125
0 0.0453125 0.265625 0.090625 0.15859375
0 0.1671875 0.246875 0.15078125 0.14140625
0 0.3375 0.2359375 0.15625 0.14140625
0 0.5109375 0.240625 0.15859375 0.13359375
0 0.68203125 0.25625 0.1390625 0.14609375
0 0.7953125 0.27421875 0.07890625 0.140625
0 0.8796875 0.23828125 0.15859375 0.13203125
0 0.9796875 0.26328125 0.03984375 0.1515625